(0, 0) (19, 19)
(0, 20) (19, 39)
(0, 40) (19, 59)
(0, 60) (19, 79)
(0, 80) (19, 99)
(0, 100) (19, 119)
(0, 120) (19, 139)
(0, 140) (19, 159)
(0, 160) (19, 179)
(0, 180) (19, 199)
(0, 200) (19, 219)
(0, 220) (19, 239)
(0, 240) (19, 259)
(0, 260) (19, 279)
(0, 280) (19, 299)
(0, 300) (19, 319)
(0, 320) (19, 339)
(0, 340) (19, 359)
(0, 360) (19, 379)
(0, 380) (19, 399)
(0, 400) (19, 419)
(0, 420) (19, 439)
(0, 440) (19, 459)
(0, 460) (19, 479)
(0, 480) (19, 499)
(0, 500) (19, 519)
(0, 520) (19, 539)
(0, 540) (19, 559)
(0, 560) (19, 579)
(0, 580) (19, 599)
(0, 600) (19, 619)
(0, 620) (19, 639)
(0, 640) (19, 659)
(0, 660) (19, 679)
(0, 680) (19, 699)
(0, 700) (19, 719)
(0, 720) (19, 739)
(0, 740) (19, 759)
(0, 760) (19, 779)
(0, 780) (19, 799)
(20, 0) (39, 19)
(20, 20) (39, 39)
(20, 40) (39, 59)
(20, 60) (39, 79)
(20, 80) (39, 99)
(20, 100) (39, 119)
(20, 120) (39, 139)
(20, 140) (39, 159)
(20, 160) (39, 179)
(20, 180) (39, 199)
(20, 200) (39, 219)
(20, 220) (39, 239)
(20, 240) (39, 259)
(20, 260) (39, 279)
(20, 280) (39, 299)
(20, 300) (39, 319)
(20, 320) (39, 339)
(20, 340) (39, 359)
(20, 360) (39, 379)
(20, 380) (39, 399)
(20, 400) (39, 419)
(20, 420) (39, 439)
(20, 440) (39, 459)
(20, 460) (39, 479)
(20, 480) (39, 499)
(20, 500) (39, 519)
(20, 520) (39, 539)
(20, 540) (39, 559)
(20, 560) (39, 579)
(20, 580) (39, 599)
(20, 600) (39, 619)
(20, 620) (39, 639)
(20, 640) (39, 659)
(20, 660) (39, 679)
(20, 680) (39, 699)
(20, 700) (39, 719)
(20, 720) (39, 739)
(20, 740) (39, 759)
(20, 760) (39, 779)
(20, 780) (39, 799)
(40, 0) (59, 19)
(40, 20) (59, 39)
(40, 40) (59, 59)
(40, 60) (59, 79)
(40, 80) (59, 99)
(40, 100) (59, 119)
(40, 120) (59, 139)
(40, 140) (59, 159)
(40, 160) (59, 179)
(40, 180) (59, 199)
(40, 200) (59, 219)
(40, 220) (59, 239)
(40, 240) (59, 259)
(40, 260) (59, 279)
(40, 280) (59, 299)
(40, 300) (59, 319)
(40, 320) (59, 339)
(40, 340) (59, 359)
(40, 360) (59, 379)
(40, 380) (59, 399)
(40, 400) (59, 419)
(40, 420) (59, 439)
(40, 440) (59, 459)
(40, 460) (59, 479)
(40, 480) (59, 499)
(40, 500) (59, 519)
(40, 520) (59, 539)
(40, 540) (59, 559)
(40, 560) (59, 579)
(40, 580) (59, 599)
(40, 600) (59, 619)
(40, 620) (59, 639)
(40, 640) (59, 659)
(40, 660) (59, 679)
(40, 680) (59, 699)
(40, 700) (59, 719)
(40, 720) (59, 739)
(40, 740) (59, 759)
(40, 760) (59, 779)
(40, 780) (59, 799)
(60, 0) (79, 19)
(60, 20) (79, 39)
(60, 40) (79, 59)
(60, 60) (79, 79)
(60, 80) (79, 99)
(60, 100) (79, 119)
(60, 120) (79, 139)
(60, 140) (79, 159)
(60, 160) (79, 179)
(60, 180) (79, 199)
(60, 200) (79, 219)
(60, 220) (79, 239)
(60, 240) (79, 259)
(60, 260) (79, 279)
(60, 280) (79, 299)
(60, 300) (79, 319)
(60, 320) (79, 339)
(60, 340) (79, 359)
(60, 360) (79, 379)
(60, 380) (79, 399)
(60, 400) (79, 419)
(60, 420) (79, 439)
(60, 440) (79, 459)
(60, 460) (79, 479)
(60, 480) (79, 499)
(60, 500) (79, 519)
(60, 520) (79, 539)
(60, 540) (79, 559)
(60, 560) (79, 579)
(60, 580) (79, 599)
(60, 600) (79, 619)
(60, 620) (79, 639)
(60, 640) (79, 659)
(60, 660) (79, 679)
(60, 680) (79, 699)
(60, 700) (79, 719)
(60, 720) (79, 739)
(60, 740) (79, 759)
(60, 760) (79, 779)
(60, 780) (79, 799)
(80, 0) (99, 19)
(80, 20) (99, 39)
(80, 40) (99, 59)
(80, 60) (99, 79)
(80, 80) (99, 99)
(80, 100) (99, 119)
(80, 120) (99, 139)
(80, 140) (99, 159)
(80, 160) (99, 179)
(80, 180) (99, 199)
(80, 200) (99, 219)
(80, 220) (99, 239)
(80, 240) (99, 259)
(80, 260) (99, 279)
(80, 280) (99, 299)
(80, 300) (99, 319)
(80, 320) (99, 339)
(80, 340) (99, 359)
(80, 360) (99, 379)
(80, 380) (99, 399)
(80, 400) (99, 419)
(80, 420) (99, 439)
(80, 440) (99, 459)
(80, 460) (99, 479)
(80, 480) (99, 499)
(80, 500) (99, 519)
(80, 520) (99, 539)
(80, 540) (99, 559)
(80, 560) (99, 579)
(80, 580) (99, 599)
(80, 600) (99, 619)
(80, 620) (99, 639)
(80, 640) (99, 659)
(80, 660) (99, 679)
(80, 680) (99, 699)
(80, 700) (99, 719)
(80, 720) (99, 739)
(80, 740) (99, 759)
(80, 760) (99, 779)
(80, 780) (99, 799)
(100, 0) (119, 19)
(100, 20) (119, 39)
(100, 40) (119, 59)
(100, 60) (119, 79)
(100, 80) (119, 99)
(100, 100) (119, 119)
(100, 120) (119, 139)
(100, 140) (119, 159)
(100, 160) (119, 179)
(100, 180) (119, 199)
(100, 200) (119, 219)
(100, 220) (119, 239)
(100, 240) (119, 259)
(100, 260) (119, 279)
(100, 280) (119, 299)
(100, 300) (119, 319)
(100, 320) (119, 339)
(100, 340) (119, 359)
(100, 360) (119, 379)
(100, 380) (119, 399)
(100, 400) (119, 419)
(100, 420) (119, 439)
(100, 440) (119, 459)
(100, 460) (119, 479)
(100, 480) (119, 499)
(100, 500) (119, 519)
(100, 520) (119, 539)
(100, 540) (119, 559)
(100, 560) (119, 579)
(100, 580) (119, 599)
(100, 600) (119, 619)
(100, 620) (119, 639)
(100, 640) (119, 659)
(100, 660) (119, 679)
(100, 680) (119, 699)
(100, 700) (119, 719)
(100, 720) (119, 739)
(100, 740) (119, 759)
(100, 760) (119, 779)
(100, 780) (119, 799)
(120, 0) (139, 19)
(120, 20) (139, 39)
(120, 40) (139, 59)
(120, 60) (139, 79)
(120, 80) (139, 99)
(120, 100) (139, 119)
(120, 120) (139, 139)
(120, 140) (139, 159)
(120, 160) (139, 179)
(120, 180) (139, 199)
(120, 200) (139, 219)
(120, 220) (139, 239)
(120, 240) (139, 259)
(120, 260) (139, 279)
(120, 280) (139, 299)
(120, 300) (139, 319)
(120, 320) (139, 339)
(120, 340) (139, 359)
(120, 360) (139, 379)
(120, 380) (139, 399)
(120, 400) (139, 419)
(120, 420) (139, 439)
(120, 440) (139, 459)
(120, 460) (139, 479)
(120, 480) (139, 499)
(120, 500) (139, 519)
(120, 520) (139, 539)
(120, 540) (139, 559)
(120, 560) (139, 579)
(120, 580) (139, 599)
(120, 600) (139, 619)
(120, 620) (139, 639)
(120, 640) (139, 659)
(120, 660) (139, 679)
(120, 680) (139, 699)
(120, 700) (139, 719)
(120, 720) (139, 739)
(120, 740) (139, 759)
(120, 760) (139, 779)
(120, 780) (139, 799)
(140, 0) (159, 19)
(140, 20) (159, 39)
(140, 40) (159, 59)
(140, 60) (159, 79)
(140, 80) (159, 99)
(140, 100) (159, 119)
(140, 120) (159, 139)
(140, 140) (159, 159)
(140, 160) (159, 179)
(140, 180) (159, 199)
(140, 200) (159, 219)
(140, 220) (159, 239)
(140, 240) (159, 259)
(140, 260) (159, 279)
(140, 280) (159, 299)
(140, 300) (159, 319)
(140, 320) (159, 339)
(140, 340) (159, 359)
(140, 360) (159, 379)
(140, 380) (159, 399)
(140, 400) (159, 419)
(140, 420) (159, 439)
(140, 440) (159, 459)
(140, 460) (159, 479)
(140, 480) (159, 499)
(140, 500) (159, 519)
(140, 520) (159, 539)
(140, 540) (159, 559)
(140, 560) (159, 579)
(140, 580) (159, 599)
(140, 600) (159, 619)
(140, 620) (159, 639)
(140, 640) (159, 659)
(140, 660) (159, 679)
(140, 680) (159, 699)
(140, 700) (159, 719)
(140, 720) (159, 739)
(140, 740) (159, 759)
(140, 760) (159, 779)
(140, 780) (159, 799)
(160, 0) (179, 19)
(160, 20) (179, 39)
(160, 40) (179, 59)
(160, 60) (179, 79)
(160, 80) (179, 99)
(160, 100) (179, 119)
(160, 120) (179, 139)
(160, 140) (179, 159)
(160, 160) (179, 179)
(160, 180) (179, 199)
(160, 200) (179, 219)
(160, 220) (179, 239)
(160, 240) (179, 259)
(160, 260) (179, 279)
(160, 280) (179, 299)
(160, 300) (179, 319)
(160, 320) (179, 339)
(160, 340) (179, 359)
(160, 360) (179, 379)
(160, 380) (179, 399)
(160, 400) (179, 419)
(160, 420) (179, 439)
(160, 440) (179, 459)
(160, 460) (179, 479)
(160, 480) (179, 499)
(160, 500) (179, 519)
(160, 520) (179, 539)
(160, 540) (179, 559)
(160, 560) (179, 579)
(160, 580) (179, 599)
(160, 600) (179, 619)
(160, 620) (179, 639)
(160, 640) (179, 659)
(160, 660) (179, 679)
(160, 680) (179, 699)
(160, 700) (179, 719)
(160, 720) (179, 739)
(160, 740) (179, 759)
(160, 760) (179, 779)
(160, 780) (179, 799)
(180, 0) (199, 19)
(180, 20) (199, 39)
(180, 40) (199, 59)
(180, 60) (199, 79)
(180, 80) (199, 99)
(180, 100) (199, 119)
(180, 120) (199, 139)
(180, 140) (199, 159)
(180, 160) (199, 179)
(180, 180) (199, 199)
(180, 200) (199, 219)
(180, 220) (199, 239)
(180, 240) (199, 259)
(180, 260) (199, 279)
(180, 280) (199, 299)
(180, 300) (199, 319)
(180, 320) (199, 339)
(180, 340) (199, 359)
(180, 360) (199, 379)
(180, 380) (199, 399)
(180, 400) (199, 419)
(180, 420) (199, 439)
(180, 440) (199, 459)
(180, 460) (199, 479)
(180, 480) (199, 499)
(180, 500) (199, 519)
(180, 520) (199, 539)
(180, 540) (199, 559)
(180, 560) (199, 579)
(180, 580) (199, 599)
(180, 600) (199, 619)
(180, 620) (199, 639)
(180, 640) (199, 659)
(180, 660) (199, 679)
(180, 680) (199, 699)
(180, 700) (199, 719)
(180, 720) (199, 739)
(180, 740) (199, 759)
(180, 760) (199, 779)
(180, 780) (199, 799)
(200, 0) (219, 19)
(200, 20) (219, 39)
(200, 40) (219, 59)
(200, 60) (219, 79)
(200, 80) (219, 99)
(200, 100) (219, 119)
(200, 120) (219, 139)
(200, 140) (219, 159)
(200, 160) (219, 179)
(200, 180) (219, 199)
(200, 200) (219, 219)
(200, 220) (219, 239)
(200, 240) (219, 259)
(200, 260) (219, 279)
(200, 280) (219, 299)
(200, 300) (219, 319)
(200, 320) (219, 339)
(200, 340) (219, 359)
(200, 360) (219, 379)
(200, 380) (219, 399)
(200, 400) (219, 419)
(200, 420) (219, 439)
(200, 440) (219, 459)
(200, 460) (219, 479)
(200, 480) (219, 499)
(200, 500) (219, 519)
(200, 520) (219, 539)
(200, 540) (219, 559)
(200, 560) (219, 579)
(200, 580) (219, 599)
(200, 600) (219, 619)
(200, 620) (219, 639)
(200, 640) (219, 659)
(200, 660) (219, 679)
(200, 680) (219, 699)
(200, 700) (219, 719)
(200, 720) (219, 739)
(200, 740) (219, 759)
(200, 760) (219, 779)
(200, 780) (219, 799)
(220, 0) (239, 19)
(220, 20) (239, 39)
(220, 40) (239, 59)
(220, 60) (239, 79)
(220, 80) (239, 99)
(220, 100) (239, 119)
(220, 120) (239, 139)
(220, 140) (239, 159)
(220, 160) (239, 179)
(220, 180) (239, 199)
(220, 200) (239, 219)
(220, 220) (239, 239)
(220, 240) (239, 259)
(220, 260) (239, 279)
(220, 280) (239, 299)
(220, 300) (239, 319)
(220, 320) (239, 339)
(220, 340) (239, 359)
(220, 360) (239, 379)
(220, 380) (239, 399)
(220, 400) (239, 419)
(220, 420) (239, 439)
(220, 440) (239, 459)
(220, 460) (239, 479)
(220, 480) (239, 499)
(220, 500) (239, 519)
(220, 520) (239, 539)
(220, 540) (239, 559)
(220, 560) (239, 579)
(220, 580) (239, 599)
(220, 600) (239, 619)
(220, 620) (239, 639)
(220, 640) (239, 659)
(220, 660) (239, 679)
(220, 680) (239, 699)
(220, 700) (239, 719)
(220, 720) (239, 739)
(220, 740) (239, 759)
(220, 760) (239, 779)
(220, 780) (239, 799)
(240, 0) (259, 19)
(240, 20) (259, 39)
(240, 40) (259, 59)
(240, 60) (259, 79)
(240, 80) (259, 99)
(240, 100) (259, 119)
(240, 120) (259, 139)
(240, 140) (259, 159)
(240, 160) (259, 179)
(240, 180) (259, 199)
(240, 200) (259, 219)
(240, 220) (259, 239)
(240, 240) (259, 259)
(240, 260) (259, 279)
(240, 280) (259, 299)
(240, 300) (259, 319)
(240, 320) (259, 339)
(240, 340) (259, 359)
(240, 360) (259, 379)
(240, 380) (259, 399)
(240, 400) (259, 419)
(240, 420) (259, 439)
(240, 440) (259, 459)
(240, 460) (259, 479)
(240, 480) (259, 499)
(240, 500) (259, 519)
(240, 520) (259, 539)
(240, 540) (259, 559)
(240, 560) (259, 579)
(240, 580) (259, 599)
(240, 600) (259, 619)
(240, 620) (259, 639)
(240, 640) (259, 659)
(240, 660) (259, 679)
(240, 680) (259, 699)
(240, 700) (259, 719)
(240, 720) (259, 739)
(240, 740) (259, 759)
(240, 760) (259, 779)
(240, 780) (259, 799)
(260, 0) (279, 19)
(260, 20) (279, 39)
(260, 40) (279, 59)
(260, 60) (279, 79)
(260, 80) (279, 99)
(260, 100) (279, 119)
(260, 120) (279, 139)
(260, 140) (279, 159)
(260, 160) (279, 179)
(260, 180) (279, 199)
(260, 200) (279, 219)
(260, 220) (279, 239)
(260, 240) (279, 259)
(260, 260) (279, 279)
(260, 280) (279, 299)
(260, 300) (279, 319)
(260, 320) (279, 339)
(260, 340) (279, 359)
(260, 360) (279, 379)
(260, 380) (279, 399)
(260, 400) (279, 419)
(260, 420) (279, 439)
(260, 440) (279, 459)
(260, 460) (279, 479)
(260, 480) (279, 499)
(260, 500) (279, 519)
(260, 520) (279, 539)
(260, 540) (279, 559)
(260, 560) (279, 579)
(260, 580) (279, 599)
(260, 600) (279, 619)
(260, 620) (279, 639)
(260, 640) (279, 659)
(260, 660) (279, 679)
(260, 680) (279, 699)
(260, 700) (279, 719)
(260, 720) (279, 739)
(260, 740) (279, 759)
(260, 760) (279, 779)
(260, 780) (279, 799)
(280, 0) (299, 19)
(280, 20) (299, 39)
(280, 40) (299, 59)
(280, 60) (299, 79)
(280, 80) (299, 99)
(280, 100) (299, 119)
(280, 120) (299, 139)
(280, 140) (299, 159)
(280, 160) (299, 179)
(280, 180) (299, 199)
(280, 200) (299, 219)
(280, 220) (299, 239)
(280, 240) (299, 259)
(280, 260) (299, 279)
(280, 280) (299, 299)
(280, 300) (299, 319)
(280, 320) (299, 339)
(280, 340) (299, 359)
(280, 360) (299, 379)
(280, 380) (299, 399)
(280, 400) (299, 419)
(280, 420) (299, 439)
(280, 440) (299, 459)
(280, 460) (299, 479)
(280, 480) (299, 499)
(280, 500) (299, 519)
(280, 520) (299, 539)
(280, 540) (299, 559)
(280, 560) (299, 579)
(280, 580) (299, 599)
(280, 600) (299, 619)
(280, 620) (299, 639)
(280, 640) (299, 659)
(280, 660) (299, 679)
(280, 680) (299, 699)
(280, 700) (299, 719)
(280, 720) (299, 739)
(280, 740) (299, 759)
(280, 760) (299, 779)
(280, 780) (299, 799)
(300, 0) (319, 19)
(300, 20) (319, 39)
(300, 40) (319, 59)
(300, 60) (319, 79)
(300, 80) (319, 99)
(300, 100) (319, 119)
(300, 120) (319, 139)
(300, 140) (319, 159)
(300, 160) (319, 179)
(300, 180) (319, 199)
(300, 200) (319, 219)
(300, 220) (319, 239)
(300, 240) (319, 259)
(300, 260) (319, 279)
(300, 280) (319, 299)
(300, 300) (319, 319)
(300, 320) (319, 339)
(300, 340) (319, 359)
(300, 360) (319, 379)
(300, 380) (319, 399)
(300, 400) (319, 419)
(300, 420) (319, 439)
(300, 440) (319, 459)
(300, 460) (319, 479)
(300, 480) (319, 499)
(300, 500) (319, 519)
(300, 520) (319, 539)
(300, 540) (319, 559)
(300, 560) (319, 579)
(300, 580) (319, 599)
(300, 600) (319, 619)
(300, 620) (319, 639)
(300, 640) (319, 659)
(300, 660) (319, 679)
(300, 680) (319, 699)
(300, 700) (319, 719)
(300, 720) (319, 739)
(300, 740) (319, 759)
(300, 760) (319, 779)
(300, 780) (319, 799)
(320, 0) (339, 19)
(320, 20) (339, 39)
(320, 40) (339, 59)
(320, 60) (339, 79)
(320, 80) (339, 99)
(320, 100) (339, 119)
(320, 120) (339, 139)
(320, 140) (339, 159)
(320, 160) (339, 179)
(320, 180) (339, 199)
(320, 200) (339, 219)
(320, 220) (339, 239)
(320, 240) (339, 259)
(320, 260) (339, 279)
(320, 280) (339, 299)
(320, 300) (339, 319)
(320, 320) (339, 339)
(320, 340) (339, 359)
(320, 360) (339, 379)
(320, 380) (339, 399)
(320, 400) (339, 419)
(320, 420) (339, 439)
(320, 440) (339, 459)
(320, 460) (339, 479)
(320, 480) (339, 499)
(320, 500) (339, 519)
(320, 520) (339, 539)
(320, 540) (339, 559)
(320, 560) (339, 579)
(320, 580) (339, 599)
(320, 600) (339, 619)
(320, 620) (339, 639)
(320, 640) (339, 659)
(320, 660) (339, 679)
(320, 680) (339, 699)
(320, 700) (339, 719)
(320, 720) (339, 739)
(320, 740) (339, 759)
(320, 760) (339, 779)
(320, 780) (339, 799)
(340, 0) (359, 19)
(340, 20) (359, 39)
(340, 40) (359, 59)
(340, 60) (359, 79)
(340, 80) (359, 99)
(340, 100) (359, 119)
(340, 120) (359, 139)
(340, 140) (359, 159)
(340, 160) (359, 179)
(340, 180) (359, 199)
(340, 200) (359, 219)
(340, 220) (359, 239)
(340, 240) (359, 259)
(340, 260) (359, 279)
(340, 280) (359, 299)
(340, 300) (359, 319)
(340, 320) (359, 339)
(340, 340) (359, 359)
(340, 360) (359, 379)
(340, 380) (359, 399)
(340, 400) (359, 419)
(340, 420) (359, 439)
(340, 440) (359, 459)
(340, 460) (359, 479)
(340, 480) (359, 499)
(340, 500) (359, 519)
(340, 520) (359, 539)
(340, 540) (359, 559)
(340, 560) (359, 579)
(340, 580) (359, 599)
(340, 600) (359, 619)
(340, 620) (359, 639)
(340, 640) (359, 659)
(340, 660) (359, 679)
(340, 680) (359, 699)
(340, 700) (359, 719)
(340, 720) (359, 739)
(340, 740) (359, 759)
(340, 760) (359, 779)
(340, 780) (359, 799)
(360, 0) (379, 19)
(360, 20) (379, 39)
(360, 40) (379, 59)
(360, 60) (379, 79)
(360, 80) (379, 99)
(360, 100) (379, 119)
(360, 120) (379, 139)
(360, 140) (379, 159)
(360, 160) (379, 179)
(360, 180) (379, 199)
(360, 200) (379, 219)
(360, 220) (379, 239)
(360, 240) (379, 259)
(360, 260) (379, 279)
(360, 280) (379, 299)
(360, 300) (379, 319)
(360, 320) (379, 339)
(360, 340) (379, 359)
(360, 360) (379, 379)
(360, 380) (379, 399)
(360, 400) (379, 419)
(360, 420) (379, 439)
(360, 440) (379, 459)
(360, 460) (379, 479)
(360, 480) (379, 499)
(360, 500) (379, 519)
(360, 520) (379, 539)
(360, 540) (379, 559)
(360, 560) (379, 579)
(360, 580) (379, 599)
(360, 600) (379, 619)
(360, 620) (379, 639)
(360, 640) (379, 659)
(360, 660) (379, 679)
(360, 680) (379, 699)
(360, 700) (379, 719)
(360, 720) (379, 739)
(360, 740) (379, 759)
(360, 760) (379, 779)
(360, 780) (379, 799)
(380, 0) (399, 19)
(380, 20) (399, 39)
(380, 40) (399, 59)
(380, 60) (399, 79)
(380, 80) (399, 99)
(380, 100) (399, 119)
(380, 120) (399, 139)
(380, 140) (399, 159)
(380, 160) (399, 179)
(380, 180) (399, 199)
(380, 200) (399, 219)
(380, 220) (399, 239)
(380, 240) (399, 259)
(380, 260) (399, 279)
(380, 280) (399, 299)
(380, 300) (399, 319)
(380, 320) (399, 339)
(380, 340) (399, 359)
(380, 360) (399, 379)
(380, 380) (399, 399)
(380, 400) (399, 419)
(380, 420) (399, 439)
(380, 440) (399, 459)
(380, 460) (399, 479)
(380, 480) (399, 499)
(380, 500) (399, 519)
(380, 520) (399, 539)
(380, 540) (399, 559)
(380, 560) (399, 579)
(380, 580) (399, 599)
(380, 600) (399, 619)
(380, 620) (399, 639)
(380, 640) (399, 659)
(380, 660) (399, 679)
(380, 680) (399, 699)
(380, 700) (399, 719)
(380, 720) (399, 739)
(380, 740) (399, 759)
(380, 760) (399, 779)
(380, 780) (399, 799)
(400, 0) (419, 19)
(400, 20) (419, 39)
(400, 40) (419, 59)
(400, 60) (419, 79)
(400, 80) (419, 99)
(400, 100) (419, 119)
(400, 120) (419, 139)
(400, 140) (419, 159)
(400, 160) (419, 179)
(400, 180) (419, 199)
(400, 200) (419, 219)
(400, 220) (419, 239)
(400, 240) (419, 259)
(400, 260) (419, 279)
(400, 280) (419, 299)
(400, 300) (419, 319)
(400, 320) (419, 339)
(400, 340) (419, 359)
(400, 360) (419, 379)
(400, 380) (419, 399)
(400, 400) (419, 419)
(400, 420) (419, 439)
(400, 440) (419, 459)
(400, 460) (419, 479)
(400, 480) (419, 499)
(400, 500) (419, 519)
(400, 520) (419, 539)
(400, 540) (419, 559)
(400, 560) (419, 579)
(400, 580) (419, 599)
(400, 600) (419, 619)
(400, 620) (419, 639)
(400, 640) (419, 659)
(400, 660) (419, 679)
(400, 680) (419, 699)
(400, 700) (419, 719)
(400, 720) (419, 739)
(400, 740) (419, 759)
(400, 760) (419, 779)
(400, 780) (419, 799)
(420, 0) (439, 19)
(420, 20) (439, 39)
(420, 40) (439, 59)
(420, 60) (439, 79)
(420, 80) (439, 99)
(420, 100) (439, 119)
(420, 120) (439, 139)
(420, 140) (439, 159)
(420, 160) (439, 179)
(420, 180) (439, 199)
(420, 200) (439, 219)
(420, 220) (439, 239)
(420, 240) (439, 259)
(420, 260) (439, 279)
(420, 280) (439, 299)
(420, 300) (439, 319)
(420, 320) (439, 339)
(420, 340) (439, 359)
(420, 360) (439, 379)
(420, 380) (439, 399)
(420, 400) (439, 419)
(420, 420) (439, 439)
(420, 440) (439, 459)
(420, 460) (439, 479)
(420, 480) (439, 499)
(420, 500) (439, 519)
(420, 520) (439, 539)
(420, 540) (439, 559)
(420, 560) (439, 579)
(420, 580) (439, 599)
(420, 600) (439, 619)
(420, 620) (439, 639)
(420, 640) (439, 659)
(420, 660) (439, 679)
(420, 680) (439, 699)
(420, 700) (439, 719)
(420, 720) (439, 739)
(420, 740) (439, 759)
(420, 760) (439, 779)
(420, 780) (439, 799)
(440, 0) (459, 19)
(440, 20) (459, 39)
(440, 40) (459, 59)
(440, 60) (459, 79)
(440, 80) (459, 99)
(440, 100) (459, 119)
(440, 120) (459, 139)
(440, 140) (459, 159)
(440, 160) (459, 179)
(440, 180) (459, 199)
(440, 200) (459, 219)
(440, 220) (459, 239)
(440, 240) (459, 259)
(440, 260) (459, 279)
(440, 280) (459, 299)
(440, 300) (459, 319)
(440, 320) (459, 339)
(440, 340) (459, 359)
(440, 360) (459, 379)
(440, 380) (459, 399)
(440, 400) (459, 419)
(440, 420) (459, 439)
(440, 440) (459, 459)
(440, 460) (459, 479)
(440, 480) (459, 499)
(440, 500) (459, 519)
(440, 520) (459, 539)
(440, 540) (459, 559)
(440, 560) (459, 579)
(440, 580) (459, 599)
(440, 600) (459, 619)
(440, 620) (459, 639)
(440, 640) (459, 659)
(440, 660) (459, 679)
(440, 680) (459, 699)
(440, 700) (459, 719)
(440, 720) (459, 739)
(440, 740) (459, 759)
(440, 760) (459, 779)
(440, 780) (459, 799)
(460, 0) (479, 19)
(460, 20) (479, 39)
(460, 40) (479, 59)
(460, 60) (479, 79)
(460, 80) (479, 99)
(460, 100) (479, 119)
(460, 120) (479, 139)
(460, 140) (479, 159)
(460, 160) (479, 179)
(460, 180) (479, 199)
(460, 200) (479, 219)
(460, 220) (479, 239)
(460, 240) (479, 259)
(460, 260) (479, 279)
(460, 280) (479, 299)
(460, 300) (479, 319)
(460, 320) (479, 339)
(460, 340) (479, 359)
(460, 360) (479, 379)
(460, 380) (479, 399)
(460, 400) (479, 419)
(460, 420) (479, 439)
(460, 440) (479, 459)
(460, 460) (479, 479)
(460, 480) (479, 499)
(460, 500) (479, 519)
(460, 520) (479, 539)
(460, 540) (479, 559)
(460, 560) (479, 579)
(460, 580) (479, 599)
(460, 600) (479, 619)
(460, 620) (479, 639)
(460, 640) (479, 659)
(460, 660) (479, 679)
(460, 680) (479, 699)
(460, 700) (479, 719)
(460, 720) (479, 739)
(460, 740) (479, 759)
(460, 760) (479, 779)
(460, 780) (479, 799)
(480, 0) (499, 19)
(480, 20) (499, 39)
(480, 40) (499, 59)
(480, 60) (499, 79)
(480, 80) (499, 99)
(480, 100) (499, 119)
(480, 120) (499, 139)
(480, 140) (499, 159)
(480, 160) (499, 179)
(480, 180) (499, 199)
(480, 200) (499, 219)
(480, 220) (499, 239)
(480, 240) (499, 259)
(480, 260) (499, 279)
(480, 280) (499, 299)
(480, 300) (499, 319)
(480, 320) (499, 339)
(480, 340) (499, 359)
(480, 360) (499, 379)
(480, 380) (499, 399)
(480, 400) (499, 419)
(480, 420) (499, 439)
(480, 440) (499, 459)
(480, 460) (499, 479)
(480, 480) (499, 499)
(480, 500) (499, 519)
(480, 520) (499, 539)
(480, 540) (499, 559)
(480, 560) (499, 579)
(480, 580) (499, 599)
(480, 600) (499, 619)
(480, 620) (499, 639)
(480, 640) (499, 659)
(480, 660) (499, 679)
(480, 680) (499, 699)
(480, 700) (499, 719)
(480, 720) (499, 739)
(480, 740) (499, 759)
(480, 760) (499, 779)
(480, 780) (499, 799)
(500, 0) (519, 19)
(500, 20) (519, 39)
(500, 40) (519, 59)
(500, 60) (519, 79)
(500, 80) (519, 99)
(500, 100) (519, 119)
(500, 120) (519, 139)
(500, 140) (519, 159)
(500, 160) (519, 179)
(500, 180) (519, 199)
(500, 200) (519, 219)
(500, 220) (519, 239)
(500, 240) (519, 259)
(500, 260) (519, 279)
(500, 280) (519, 299)
(500, 300) (519, 319)
(500, 320) (519, 339)
(500, 340) (519, 359)
(500, 360) (519, 379)
(500, 380) (519, 399)
(500, 400) (519, 419)
(500, 420) (519, 439)
(500, 440) (519, 459)
(500, 460) (519, 479)
(500, 480) (519, 499)
(500, 500) (519, 519)
(500, 520) (519, 539)
(500, 540) (519, 559)
(500, 560) (519, 579)
(500, 580) (519, 599)
(500, 600) (519, 619)
(500, 620) (519, 639)
(500, 640) (519, 659)
(500, 660) (519, 679)
(500, 680) (519, 699)
(500, 700) (519, 719)
(500, 720) (519, 739)
(500, 740) (519, 759)
(500, 760) (519, 779)
(500, 780) (519, 799)
(520, 0) (539, 19)
(520, 20) (539, 39)
(520, 40) (539, 59)
(520, 60) (539, 79)
(520, 80) (539, 99)
(520, 100) (539, 119)
(520, 120) (539, 139)
(520, 140) (539, 159)
(520, 160) (539, 179)
(520, 180) (539, 199)
(520, 200) (539, 219)
(520, 220) (539, 239)
(520, 240) (539, 259)
(520, 260) (539, 279)
(520, 280) (539, 299)
(520, 300) (539, 319)
(520, 320) (539, 339)
(520, 340) (539, 359)
(520, 360) (539, 379)
(520, 380) (539, 399)
(520, 400) (539, 419)
(520, 420) (539, 439)
(520, 440) (539, 459)
(520, 460) (539, 479)
(520, 480) (539, 499)
(520, 500) (539, 519)
(520, 520) (539, 539)
(520, 540) (539, 559)
(520, 560) (539, 579)
(520, 580) (539, 599)
(520, 600) (539, 619)
(520, 620) (539, 639)
(520, 640) (539, 659)
(520, 660) (539, 679)
(520, 680) (539, 699)
(520, 700) (539, 719)
(520, 720) (539, 739)
(520, 740) (539, 759)
(520, 760) (539, 779)
(520, 780) (539, 799)
(540, 0) (559, 19)
(540, 20) (559, 39)
(540, 40) (559, 59)
(540, 60) (559, 79)
(540, 80) (559, 99)
(540, 100) (559, 119)
(540, 120) (559, 139)
(540, 140) (559, 159)
(540, 160) (559, 179)
(540, 180) (559, 199)
(540, 200) (559, 219)
(540, 220) (559, 239)
(540, 240) (559, 259)
(540, 260) (559, 279)
(540, 280) (559, 299)
(540, 300) (559, 319)
(540, 320) (559, 339)
(540, 340) (559, 359)
(540, 360) (559, 379)
(540, 380) (559, 399)
(540, 400) (559, 419)
(540, 420) (559, 439)
(540, 440) (559, 459)
(540, 460) (559, 479)
(540, 480) (559, 499)
(540, 500) (559, 519)
(540, 520) (559, 539)
(540, 540) (559, 559)
(540, 560) (559, 579)
(540, 580) (559, 599)
(540, 600) (559, 619)
(540, 620) (559, 639)
(540, 640) (559, 659)
(540, 660) (559, 679)
(540, 680) (559, 699)
(540, 700) (559, 719)
(540, 720) (559, 739)
(540, 740) (559, 759)
(540, 760) (559, 779)
(540, 780) (559, 799)
(560, 0) (579, 19)
(560, 20) (579, 39)
(560, 40) (579, 59)
(560, 60) (579, 79)
(560, 80) (579, 99)
(560, 100) (579, 119)
(560, 120) (579, 139)
(560, 140) (579, 159)
(560, 160) (579, 179)
(560, 180) (579, 199)
(560, 200) (579, 219)
(560, 220) (579, 239)
(560, 240) (579, 259)
(560, 260) (579, 279)
(560, 280) (579, 299)
(560, 300) (579, 319)
(560, 320) (579, 339)
(560, 340) (579, 359)
(560, 360) (579, 379)
(560, 380) (579, 399)
(560, 400) (579, 419)
(560, 420) (579, 439)
(560, 440) (579, 459)
(560, 460) (579, 479)
(560, 480) (579, 499)
(560, 500) (579, 519)
(560, 520) (579, 539)
(560, 540) (579, 559)
(560, 560) (579, 579)
(560, 580) (579, 599)
(560, 600) (579, 619)
(560, 620) (579, 639)
(560, 640) (579, 659)
(560, 660) (579, 679)
(560, 680) (579, 699)
(560, 700) (579, 719)
(560, 720) (579, 739)
(560, 740) (579, 759)
(560, 760) (579, 779)
(560, 780) (579, 799)
(580, 0) (599, 19)
(580, 20) (599, 39)
(580, 40) (599, 59)
(580, 60) (599, 79)
(580, 80) (599, 99)
(580, 100) (599, 119)
(580, 120) (599, 139)
(580, 140) (599, 159)
(580, 160) (599, 179)
(580, 180) (599, 199)
(580, 200) (599, 219)
(580, 220) (599, 239)
(580, 240) (599, 259)
(580, 260) (599, 279)
(580, 280) (599, 299)
(580, 300) (599, 319)
(580, 320) (599, 339)
(580, 340) (599, 359)
(580, 360) (599, 379)
(580, 380) (599, 399)
(580, 400) (599, 419)
(580, 420) (599, 439)
(580, 440) (599, 459)
(580, 460) (599, 479)
(580, 480) (599, 499)
(580, 500) (599, 519)
(580, 520) (599, 539)
(580, 540) (599, 559)
(580, 560) (599, 579)
(580, 580) (599, 599)
(580, 600) (599, 619)
(580, 620) (599, 639)
(580, 640) (599, 659)
(580, 660) (599, 679)
(580, 680) (599, 699)
(580, 700) (599, 719)
(580, 720) (599, 739)
(580, 740) (599, 759)
(580, 760) (599, 779)
(580, 780) (599, 799)
(600, 0) (619, 19)
(600, 20) (619, 39)
(600, 40) (619, 59)
(600, 60) (619, 79)
(600, 80) (619, 99)
(600, 100) (619, 119)
(600, 120) (619, 139)
(600, 140) (619, 159)
(600, 160) (619, 179)
(600, 180) (619, 199)
(600, 200) (619, 219)
(600, 220) (619, 239)
(600, 240) (619, 259)
(600, 260) (619, 279)
(600, 280) (619, 299)
(600, 300) (619, 319)
(600, 320) (619, 339)
(600, 340) (619, 359)
(600, 360) (619, 379)
(600, 380) (619, 399)
(600, 400) (619, 419)
(600, 420) (619, 439)
(600, 440) (619, 459)
(600, 460) (619, 479)
(600, 480) (619, 499)
(600, 500) (619, 519)
(600, 520) (619, 539)
(600, 540) (619, 559)
(600, 560) (619, 579)
(600, 580) (619, 599)
(600, 600) (619, 619)
(600, 620) (619, 639)
(600, 640) (619, 659)
(600, 660) (619, 679)
(600, 680) (619, 699)
(600, 700) (619, 719)
(600, 720) (619, 739)
(600, 740) (619, 759)
(600, 760) (619, 779)
(600, 780) (619, 799)
(620, 0) (639, 19)
(620, 20) (639, 39)
(620, 40) (639, 59)
(620, 60) (639, 79)
(620, 80) (639, 99)
(620, 100) (639, 119)
(620, 120) (639, 139)
(620, 140) (639, 159)
(620, 160) (639, 179)
(620, 180) (639, 199)
(620, 200) (639, 219)
(620, 220) (639, 239)
(620, 240) (639, 259)
(620, 260) (639, 279)
(620, 280) (639, 299)
(620, 300) (639, 319)
(620, 320) (639, 339)
(620, 340) (639, 359)
(620, 360) (639, 379)
(620, 380) (639, 399)
(620, 400) (639, 419)
(620, 420) (639, 439)
(620, 440) (639, 459)
(620, 460) (639, 479)
(620, 480) (639, 499)
(620, 500) (639, 519)
(620, 520) (639, 539)
(620, 540) (639, 559)
(620, 560) (639, 579)
(620, 580) (639, 599)
(620, 600) (639, 619)
(620, 620) (639, 639)
(620, 640) (639, 659)
(620, 660) (639, 679)
(620, 680) (639, 699)
(620, 700) (639, 719)
(620, 720) (639, 739)
(620, 740) (639, 759)
(620, 760) (639, 779)
(620, 780) (639, 799)
(640, 0) (659, 19)
(640, 20) (659, 39)
(640, 40) (659, 59)
(640, 60) (659, 79)
(640, 80) (659, 99)
(640, 100) (659, 119)
(640, 120) (659, 139)
(640, 140) (659, 159)
(640, 160) (659, 179)
(640, 180) (659, 199)
(640, 200) (659, 219)
(640, 220) (659, 239)
(640, 240) (659, 259)
(640, 260) (659, 279)
(640, 280) (659, 299)
(640, 300) (659, 319)
(640, 320) (659, 339)
(640, 340) (659, 359)
(640, 360) (659, 379)
(640, 380) (659, 399)
(640, 400) (659, 419)
(640, 420) (659, 439)
(640, 440) (659, 459)
(640, 460) (659, 479)
(640, 480) (659, 499)
(640, 500) (659, 519)
(640, 520) (659, 539)
(640, 540) (659, 559)
(640, 560) (659, 579)
(640, 580) (659, 599)
(640, 600) (659, 619)
(640, 620) (659, 639)
(640, 640) (659, 659)
(640, 660) (659, 679)
(640, 680) (659, 699)
(640, 700) (659, 719)
(640, 720) (659, 739)
(640, 740) (659, 759)
(640, 760) (659, 779)
(640, 780) (659, 799)
(660, 0) (679, 19)
(660, 20) (679, 39)
(660, 40) (679, 59)
(660, 60) (679, 79)
(660, 80) (679, 99)
(660, 100) (679, 119)
(660, 120) (679, 139)
(660, 140) (679, 159)
(660, 160) (679, 179)
(660, 180) (679, 199)
(660, 200) (679, 219)
(660, 220) (679, 239)
(660, 240) (679, 259)
(660, 260) (679, 279)
(660, 280) (679, 299)
(660, 300) (679, 319)
(660, 320) (679, 339)
(660, 340) (679, 359)
(660, 360) (679, 379)
(660, 380) (679, 399)
(660, 400) (679, 419)
(660, 420) (679, 439)
(660, 440) (679, 459)
(660, 460) (679, 479)
(660, 480) (679, 499)
(660, 500) (679, 519)
(660, 520) (679, 539)
(660, 540) (679, 559)
(660, 560) (679, 579)
(660, 580) (679, 599)
(660, 600) (679, 619)
(660, 620) (679, 639)
(660, 640) (679, 659)
(660, 660) (679, 679)
(660, 680) (679, 699)
(660, 700) (679, 719)
(660, 720) (679, 739)
(660, 740) (679, 759)
(660, 760) (679, 779)
(660, 780) (679, 799)
(680, 0) (699, 19)
(680, 20) (699, 39)
(680, 40) (699, 59)
(680, 60) (699, 79)
(680, 80) (699, 99)
(680, 100) (699, 119)
(680, 120) (699, 139)
(680, 140) (699, 159)
(680, 160) (699, 179)
(680, 180) (699, 199)
(680, 200) (699, 219)
(680, 220) (699, 239)
(680, 240) (699, 259)
(680, 260) (699, 279)
(680, 280) (699, 299)
(680, 300) (699, 319)
(680, 320) (699, 339)
(680, 340) (699, 359)
(680, 360) (699, 379)
(680, 380) (699, 399)
(680, 400) (699, 419)
(680, 420) (699, 439)
(680, 440) (699, 459)
(680, 460) (699, 479)
(680, 480) (699, 499)
(680, 500) (699, 519)
(680, 520) (699, 539)
(680, 540) (699, 559)
(680, 560) (699, 579)
(680, 580) (699, 599)
(680, 600) (699, 619)
(680, 620) (699, 639)
(680, 640) (699, 659)
(680, 660) (699, 679)
(680, 680) (699, 699)
(680, 700) (699, 719)
(680, 720) (699, 739)
(680, 740) (699, 759)
(680, 760) (699, 779)
(680, 780) (699, 799)
(700, 0) (719, 19)
(700, 20) (719, 39)
(700, 40) (719, 59)
(700, 60) (719, 79)
(700, 80) (719, 99)
(700, 100) (719, 119)
(700, 120) (719, 139)
(700, 140) (719, 159)
(700, 160) (719, 179)
(700, 180) (719, 199)
(700, 200) (719, 219)
(700, 220) (719, 239)
(700, 240) (719, 259)
(700, 260) (719, 279)
(700, 280) (719, 299)
(700, 300) (719, 319)
(700, 320) (719, 339)
(700, 340) (719, 359)
(700, 360) (719, 379)
(700, 380) (719, 399)
(700, 400) (719, 419)
(700, 420) (719, 439)
(700, 440) (719, 459)
(700, 460) (719, 479)
(700, 480) (719, 499)
(700, 500) (719, 519)
(700, 520) (719, 539)
(700, 540) (719, 559)
(700, 560) (719, 579)
(700, 580) (719, 599)
(700, 600) (719, 619)
(700, 620) (719, 639)
(700, 640) (719, 659)
(700, 660) (719, 679)
(700, 680) (719, 699)
(700, 700) (719, 719)
(700, 720) (719, 739)
(700, 740) (719, 759)
(700, 760) (719, 779)
(700, 780) (719, 799)
(720, 0) (739, 19)
(720, 20) (739, 39)
(720, 40) (739, 59)
(720, 60) (739, 79)
(720, 80) (739, 99)
(720, 100) (739, 119)
(720, 120) (739, 139)
(720, 140) (739, 159)
(720, 160) (739, 179)
(720, 180) (739, 199)
(720, 200) (739, 219)
(720, 220) (739, 239)
(720, 240) (739, 259)
(720, 260) (739, 279)
(720, 280) (739, 299)
(720, 300) (739, 319)
(720, 320) (739, 339)
(720, 340) (739, 359)
(720, 360) (739, 379)
(720, 380) (739, 399)
(720, 400) (739, 419)
(720, 420) (739, 439)
(720, 440) (739, 459)
(720, 460) (739, 479)
(720, 480) (739, 499)
(720, 500) (739, 519)
(720, 520) (739, 539)
(720, 540) (739, 559)
(720, 560) (739, 579)
(720, 580) (739, 599)
(720, 600) (739, 619)
(720, 620) (739, 639)
(720, 640) (739, 659)
(720, 660) (739, 679)
(720, 680) (739, 699)
(720, 700) (739, 719)
(720, 720) (739, 739)
(720, 740) (739, 759)
(720, 760) (739, 779)
(720, 780) (739, 799)
(740, 0) (759, 19)
(740, 20) (759, 39)
(740, 40) (759, 59)
(740, 60) (759, 79)
(740, 80) (759, 99)
(740, 100) (759, 119)
(740, 120) (759, 139)
(740, 140) (759, 159)
(740, 160) (759, 179)
(740, 180) (759, 199)
(740, 200) (759, 219)
(740, 220) (759, 239)
(740, 240) (759, 259)
(740, 260) (759, 279)
(740, 280) (759, 299)
(740, 300) (759, 319)
(740, 320) (759, 339)
(740, 340) (759, 359)
(740, 360) (759, 379)
(740, 380) (759, 399)
(740, 400) (759, 419)
(740, 420) (759, 439)
(740, 440) (759, 459)
(740, 460) (759, 479)
(740, 480) (759, 499)
(740, 500) (759, 519)
(740, 520) (759, 539)
(740, 540) (759, 559)
(740, 560) (759, 579)
(740, 580) (759, 599)
(740, 600) (759, 619)
(740, 620) (759, 639)
(740, 640) (759, 659)
(740, 660) (759, 679)
(740, 680) (759, 699)
(740, 700) (759, 719)
(740, 720) (759, 739)
(740, 740) (759, 759)
(740, 760) (759, 779)
(740, 780) (759, 799)
(760, 0) (779, 19)
(760, 20) (779, 39)
(760, 40) (779, 59)
(760, 60) (779, 79)
(760, 80) (779, 99)
(760, 100) (779, 119)
(760, 120) (779, 139)
(760, 140) (779, 159)
(760, 160) (779, 179)
(760, 180) (779, 199)
(760, 200) (779, 219)
(760, 220) (779, 239)
(760, 240) (779, 259)
(760, 260) (779, 279)
(760, 280) (779, 299)
(760, 300) (779, 319)
(760, 320) (779, 339)
(760, 340) (779, 359)
(760, 360) (779, 379)
(760, 380) (779, 399)
(760, 400) (779, 419)
(760, 420) (779, 439)
(760, 440) (779, 459)
(760, 460) (779, 479)
(760, 480) (779, 499)
(760, 500) (779, 519)
(760, 520) (779, 539)
(760, 540) (779, 559)
(760, 560) (779, 579)
(760, 580) (779, 599)
(760, 600) (779, 619)
(760, 620) (779, 639)
(760, 640) (779, 659)
(760, 660) (779, 679)
(760, 680) (779, 699)
(760, 700) (779, 719)
(760, 720) (779, 739)
(760, 740) (779, 759)
(760, 760) (779, 779)
(760, 780) (779, 799)
(780, 0) (799, 19)
(780, 20) (799, 39)
(780, 40) (799, 59)
(780, 60) (799, 79)
(780, 80) (799, 99)
(780, 100) (799, 119)
(780, 120) (799, 139)
(780, 140) (799, 159)
(780, 160) (799, 179)
(780, 180) (799, 199)
(780, 200) (799, 219)
(780, 220) (799, 239)
(780, 240) (799, 259)
(780, 260) (799, 279)
(780, 280) (799, 299)
(780, 300) (799, 319)
(780, 320) (799, 339)
(780, 340) (799, 359)
(780, 360) (799, 379)
(780, 380) (799, 399)
(780, 400) (799, 419)
(780, 420) (799, 439)
(780, 440) (799, 459)
(780, 460) (799, 479)
(780, 480) (799, 499)
(780, 500) (799, 519)
(780, 520) (799, 539)
(780, 540) (799, 559)
(780, 560) (799, 579)
(780, 580) (799, 599)
(780, 600) (799, 619)
(780, 620) (799, 639)
(780, 640) (799, 659)
(780, 660) (799, 679)
(780, 680) (799, 699)
(780, 700) (799, 719)
(780, 720) (799, 739)
(780, 740) (799, 759)
(780, 760) (799, 779)
(780, 780) (799, 799)
